0	1	0	0	-1.94591022
0	2	5	1	-0.693147182
0	3	6	4
0	4	8	5
0	5	12	3	-1.09861231
1	6	5	1	-0.693147182
1	7	6	4	-1.38629436
1	8	8	5	-1.09861231
1	9	12	3	-1.09861231
1	10	13	2	-0.693147182
1	-1.9459101
2	11	4	0
3	12	11	0
4	13	4	0
5	14	5	0
6	15	4	0
7	16	11	0
8	17	4	0
9	18	5	0
10	19	9	0
11	20	7	0
12	16	0	0
12	21	8	5
13	17	0	0
13
14	22	6	0
15	23	7	0
16	1	0	0	-1.38629436
16	21	8	5	-0.693147182
16	24	13	2
16
17	1	0	0	-1.09861231
17	-1.09861231
18	25	6	0
19	26	10	0
20	27	7	0
21	28	4	0
22	29	11	0
23	30	7	0
24	31	9	0
25	32	11	0
26	33	7	0
27	34	9	0
28	17	0	0	-0.693147182
28	-0.693147182
29	32	0	0	-1.09861231
29	35	6	4	-1.09861231
30	36	9	0
31	37	10	0
32	1	0	0	-1.09861231
32	35	6	4	-1.09861231
33	38	3	0
34	36	0	0	-0.693147182
34	39	13	2
34
35	40	11	0
36	1	0	0	-0.693147182
36	39	13	2
36
37	41	7	0
38	1	0	0	-0.693147182
38	-0.693147182
39	42	9	0
40	16	0	0	-1.09861231
40	21	8	5
40	24	13	2
40
41	43	3	0
42	44	10	0
43	38	0	0
43
44	45	7	0
45	46	3	0
46	38	0	0
46
